Left:
('D = ', [-0.3842587011012993, 0.1223239452447166, -3.7852269825143015e-06, -0.0016810406283405627, 0.0])
('K = ', [461.5996312878965, 0.0, 385.42154125338527, 0.0, 461.94957134411163, 274.5453189865581, 0.0, 0.0, 1.0])
('R = ', [0.9996137693602121, -0.0035239898163387674, -0.0275661676923572, 0.0037097714810272473, 0.9999707319906894, 0.006691244844083604, 0.02754178100681534, -0.00679092466305282, 0.9995975858520235])
('P = ', [493.68062036645813, 0.0, 420.7189712524414, 0.0, 0.0, 493.68062036645813, 239.83371543884277, 0.0, 0.0, 0.0, 1.0, 0.0])

Right:
('D = ', [-0.3699648310456038, 0.10277127552065236, 0.0020520492258930796, 0.0036752613095883094, 0.0])
('K = ', [465.3309153416876, 0.0, 380.59835165805555, 0.0, 466.8622223020889, 204.12324400818264, 0.0, 0.0, 1.0])
('R = ', [0.9970497427176418, -0.0014351727192514546, -0.07674471203900884, 0.0009173654575747361, 0.9999765814068738, -0.006781967151143903, 0.07675264808006119, 0.006691555655291415, 0.9970277097932687])
('P = ', [493.68062036645813, 0.0, 420.7189712524414, -48.672883363112696, 0.0, 493.68062036645813, 239.83371543884277, 0.0, 0.0, 0.0, 1.0, 0.0])
('self.T ', [-0.09830097401533426, 0.00014149632675107717, 0.007566402778860449])
('self.R ', [0.9987819593989379, -0.0031174759824076997, 0.04924305964009116, 0.002459363552277384, 0.9999069297666924, 0.013419513235013242, -0.04928031158724743, -0.013282061136965045, 0.9986966695357593])
None
# oST version 5.0 parameters


[image]

width
752

height
480

[narrow_stereo/left]

camera matrix
461.599631 0.000000 385.421541
0.000000 461.949571 274.545319
0.000000 0.000000 1.000000

distortion
-0.384259 0.122324 -0.000004 -0.001681 0.000000

rectification
0.999614 -0.003524 -0.027566
0.003710 0.999971 0.006691
0.027542 -0.006791 0.999598

projection
493.680620 0.000000 420.718971 0.000000
0.000000 493.680620 239.833715 0.000000
0.000000 0.000000 1.000000 0.000000

# oST version 5.0 parameters


[image]

width
752

height
480

[narrow_stereo/right]

camera matrix
465.330915 0.000000 380.598352
0.000000 466.862222 204.123244
0.000000 0.000000 1.000000

distortion
-0.369965 0.102771 0.002052 0.003675 0.000000

rectification
0.997050 -0.001435 -0.076745
0.000917 0.999977 -0.006782
0.076753 0.006692 0.997028

projection
493.680620 0.000000 420.718971 -48.672883
0.000000 493.680620 239.833715 0.000000
0.000000 0.000000 1.000000 0.000000



